2 0.8606770833333334 0.4097222222222222 0.013020833333333334 0.05648148148148148
2 0.84921875 0.4930555555555556 0.015104166666666667 0.062037037037037036
2 0.7377604166666667 0.4935185185185185 0.0140625 0.06111111111111111
2 0.6721354166666667 0.5782407407407407 0.0234375 0.062037037037037036
0 0.6453125 0.6023148148148149 0.007291666666666667 0.013888888888888888
2 0.6059895833333333 0.4912037037037037 0.0171875 0.05648148148148148
2 0.6669270833333333 0.5472222222222223 0.021354166666666667 0.05555555555555555
2 0.44583333333333336 0.5583333333333333 0.025 0.05555555555555555
2 0.42890625 0.4949074074074074 0.015104166666666667 0.062037037037037036
2 0.57421875 0.35648148148148145 0.009895833333333333 0.04814814814814815
2 0.55390625 0.35833333333333334 0.016145833333333335 0.04814814814814815
3 0.53515625 0.43425925925925923 0.011979166666666667 0.05185185185185185
2 0.5013020833333334 0.36435185185185187 0.0109375 0.05277777777777778
2 0.4479166666666667 0.412962962962963 0.015625 0.05555555555555555
2 0.51015625 0.43425925925925923 0.0109375 0.05555555555555555
2 0.5135416666666667 0.4162037037037037 0.015625 0.05092592592592592
2 0.42942708333333335 0.4444444444444444 0.011979166666666667 0.05185185185185185
2 0.39140625 0.45046296296296295 0.011979166666666667 0.06018518518518518
2 0.3736979166666667 0.4638888888888889 0.016145833333333335 0.06296296296296296
2 0.32369791666666664 0.5425925925925926 0.0140625 0.05925925925925926
2 0.3307291666666667 0.49444444444444446 0.013541666666666667 0.06111111111111111
2 0.340625 0.4861111111111111 0.009375 0.06296296296296296
1 0.14114583333333333 0.45555555555555555 0.017708333333333333 0.05555555555555555