2 0.748578125 0.4111944444444444 0.009468749999999915 0.05471296296296299
2 0.6908125 0.5155740740740741 0.01704687500000001 0.06986111111111115
2 0.71425 0.34090740740740744 0.00994270833333341 0.04545370370370373
2 0.6434635416666666 0.35816666666666663 0.009468749999999915 0.04461111111111107
2 0.6692708333333334 0.3228148148148148 0.008046874999999905 0.03956481481481483
2 0.6529375 0.3181851851851852 0.010416666666666666 0.0437685185185185
2 0.5991927083333334 0.35353703703703704 0.008046874999999905 0.04545370370370373
3 0.6664322916666666 0.28199074074074076 0.007104166666666601 0.03366666666666668
0 0.5459270833333333 0.3034537037037037 0.006630208333333343 0.010944444444444491
2 0.5606041666666667 0.3425925925925926 0.01420312499999999 0.0437685185185185
2 0.5511354166666665 0.35648148148148145 0.013255208333333239 0.04124999999999996
2 0.551375 0.33417592592592593 0.00994270833333341 0.0319907407407407
3 0.4872135416666667 0.37121296296296297 0.013255208333333357 0.052185185185185196
2 0.5400104166666667 0.31271296296296297 0.008994791666666658 0.03956481481481483
2 0.5255677083333333 0.3076574074074074 0.007578124999999976 0.03956481481481483
2 0.4720625 0.35100925925925924 0.007578124999999976 0.0437685185185185
2 0.4554947916666666 0.35900925925925925 0.010416666666666666 0.04292592592592594
2 0.39180729166666667 0.30724074074074076 0.008046875000000024 0.03872222222222227
2 0.3238645833333333 0.3139722222222222 0.008520833333333281 0.04040740740740739
2 0.312265625 0.32701851851851854 0.008994791666666658 0.04124999999999996
2 0.30018749999999994 0.3838425925925926 0.012312500000000053 0.05555555555555555
2 0.2758072916666666 0.40025 0.010890625000000043 0.05639814814814812
2 0.2710677083333334 0.35732407407407407 0.008994791666666658 0.04966666666666665