2 0.067234375 0.5488240740740741 0.016098958333333333 0.07407407407407407
2 0.08877604166666667 0.4288703703703704 0.012786458333333334 0.05808333333333333
2 0.21567187499999999 0.5387222222222222 0.014677083333333334 0.06902777777777777
2 0.395359375 0.5429259259259259 0.014203125 0.06734259259259259
2 0.33925 0.35774074074074075 0.010890625 0.04882407407407407
2 0.421640625 0.35185185185185186 0.009942708333333333 0.050509259259259254
2 0.4995260416666667 0.3636388888888889 0.011364583333333334 0.050509259259259254
2 0.5085208333333333 0.4292962962962963 0.011364583333333334 0.05724074074074074
2 0.5509010416666666 0.4053055555555556 0.010890625 0.05302777777777778
3 0.46425 0.46422222222222226 0.016572916666666666 0.06481481481481481
2 0.725140625 0.6300462962962964 0.017520833333333333 0.07491666666666666
0 0.6808697916666666 0.6843425925925927 0.008520833333333333 0.013472222222222222
2 0.5677083333333334 0.5092592592592593 0.017994791666666666 0.0656574074074074
2 0.50946875 0.6241574074074074 0.03125 0.06144444444444445
2 0.5120729166666667 0.5904907407407407 0.026989583333333334 0.07323148148148148
2 0.5272239583333334 0.5883796296296296 0.021307291666666665 0.06397222222222222
1 0.8783124999999999 0.4389722222222222 0.014203125 0.06144444444444445
2 0.7166197916666667 0.49915740740740744 0.02414583333333333 0.06397222222222222
2 0.6444114583333334 0.46296296296296297 0.016098958333333333 0.06060185185185185
2 0.624765625 0.46675 0.011838541666666667 0.06312962962962963
2 0.5970624999999999 0.4499166666666667 0.017994791666666666 0.05471296296296296
2 0.6051145833333333 0.4137222222222222 0.013255208333333332 0.036194444444444446
2 0.6058229166666667 0.4444444444444444 0.014677083333333334 0.05892592592592592