2 0.2706145833333334 0.5489999999999999 0.021265625 0.07330555555555555
2 0.301 0.4398148148148148 0.013453125 0.052472222222222226
2 0.3522135416666667 0.3715277777777778 0.009984375 0.047064814814814816
2 0.3248697916666667 0.3479907407407407 0.009114583333333334 0.046296296296296294
2 0.4233958333333333 0.3915925925925926 0.007380208333333333 0.04861111111111111
2 0.482421875 0.3707592592592593 0.010848958333333332 0.04243518518518519
2 0.4112395833333334 0.33796296296296297 0.01171875 0.04475
2 0.3645833333333333 0.32484259259259257 0.008682291666666668 0.04321296296296297
3 0.361328125 0.2854907407407407 0.007380208333333333 0.032407407407407406
2 0.3545989583333334 0.326 0.008682291666666668 0.04398148148148148
2 0.5078125 0.3287037037037037 0.009546875 0.04321296296296297
2 0.5364583333333334 0.32484259259259257 0.0078125 0.041666666666666664
2 0.5551197916666666 0.3155833333333333 0.006942708333333334 0.041666666666666664
2 0.568140625 0.31905555555555554 0.009546875 0.03780555555555555
0 0.6944427083333333 0.32137037037037036 0.006078125 0.010027777777777778
2 0.6944427083333333 0.3611111111111111 0.015625 0.046296296296296294
2 0.7473958333333334 0.4139629629629629 0.011286458333333334 0.05324074074074074
2 0.73828125 0.35725 0.012151041666666666 0.046296296296296294
2 0.6846770833333333 0.3236851851851852 0.015192708333333334 0.034722222222222224
2 0.6410572916666666 0.32407407407407407 0.012151041666666666 0.03549074074074074
3 0.5826822916666666 0.36612962962962964 0.012588541666666668 0.047064814814814816
2 0.6045989583333333 0.33719444444444446 0.011286458333333334 0.041666666666666664
2 0.6139322916666666 0.33178703703703705 0.009114583333333334 0.04475