1 0.02459375 0.4074074074074074 0.0179375 0.04114814814814815
2 0.28935416666666663 0.3549351851851852 0.016203125 0.03498148148148148
2 0.35619270833333333 0.43724074074074076 0.019098958333333336 0.04937962962962963
2 0.3671875 0.607 0.01446875 0.07407407407407407
2 0.40740625 0.4331296296296296 0.011572916666666665 0.047324074074074074
2 0.3168385416666667 0.3811759259259259 0.010994791666666667 0.03188888888888889
2 0.31134375 0.3698518518518519 0.006942708333333334 0.03395370370370371
2 0.49189583333333337 0.3950648148148148 0.013890625 0.03909259259259259
2 0.30873958333333335 0.34774074074074074 0.007520833333333333 0.028805555555555556
2 0.39293750000000005 0.34001851851851855 0.009260416666666667 0.03395370370370371
2 0.5133125 0.33641666666666664 0.009260416666666667 0.03086111111111111
3 0.56415625 0.37162962962962964 0.008994791666666667 0.037879629629629624
3 0.3203125 0.31187037037037035 0.008994791666666667 0.027777777777777776
2 0.5210677083333334 0.3181851851851852 0.008046875 0.02862037037037037
2 0.5097083333333333 0.3190277777777778 0.008994791666666667 0.026935185185185184
2 0.6706927083333334 0.37037037037037035 0.010890625 0.040407407407407406
2 0.6631145833333334 0.31523148148148145 0.008994791666666667 0.031148148148148147
2 0.7076250000000001 0.367 0.008994791666666667 0.033666666666666664
2 0.721828125 0.32407407407407407 0.009942708333333333 0.02862037037037037
2 0.7755677083333333 0.37794444444444447 0.010416666666666666 0.042083333333333334
2 0.8716875000000001 0.4612777777777778 0.019885416666666666 0.05218518518518518
2 0.8401979166666667 0.37837037037037036 0.010890625 0.041249999999999995
1 0.9888750000000001 0.3653240740740741 0.010890625 0.03872222222222222
2 0.3103697916666667 0.3345925925925926 0.012786458333333334 0.02609259259259259