2 0.13932291666666666 0.4097222222222222 0.013020833333333334 0.05648148148148148
2 0.15078125 0.4930555555555556 0.015104166666666667 0.062037037037037036
2 0.26223958333333336 0.4935185185185185 0.0140625 0.06111111111111111
2 0.32786458333333335 0.5782407407407407 0.0234375 0.062037037037037036
0 0.3546875 0.6023148148148149 0.007291666666666667 0.013888888888888888
2 0.39401041666666664 0.4912037037037037 0.0171875 0.05648148148148148
2 0.33307291666666666 0.5472222222222223 0.021354166666666667 0.05555555555555555
2 0.5541666666666667 0.5583333333333333 0.025 0.05555555555555555
2 0.57109375 0.4949074074074074 0.015104166666666667 0.062037037037037036
2 0.42578125 0.35648148148148145 0.009895833333333333 0.04814814814814815
2 0.44609375 0.35833333333333334 0.016145833333333335 0.04814814814814815
3 0.46484375 0.43425925925925923 0.011979166666666667 0.05185185185185185
2 0.4986979166666667 0.36435185185185187 0.0109375 0.05277777777777778
2 0.5520833333333334 0.412962962962963 0.015625 0.05555555555555555
2 0.48984375 0.43425925925925923 0.0109375 0.05555555555555555
2 0.4864583333333333 0.4162037037037037 0.015625 0.05092592592592592
2 0.5705729166666667 0.4444444444444444 0.011979166666666667 0.05185185185185185
2 0.60859375 0.45046296296296295 0.011979166666666667 0.06018518518518518
2 0.6263020833333334 0.4638888888888889 0.016145833333333335 0.06296296296296296
2 0.6763020833333333 0.5425925925925926 0.0140625 0.05925925925925926
2 0.6692708333333334 0.49444444444444446 0.013541666666666667 0.06111111111111111
2 0.659375 0.4861111111111111 0.009375 0.06296296296296296
1 0.8588541666666667 0.45555555555555555 0.017708333333333333 0.05555555555555555