1 0.08385416666666666 0.4046296296296296 0.009375 0.04136111111111111
2 0.34444270833333335 0.542287037037037 0.015276041666666665 0.05987962962962963
2 0.318578125 0.4262314814814815 0.007291666666666667 0.04259259259259259
2 0.30052083333333335 0.3756203703703704 0.008682291666666668 0.03518518518518519
2 0.39947916666666666 0.40771296296296294 0.011458333333333333 0.03641666666666667
2 0.41649479166666664 0.39969444444444446 0.007291666666666667 0.032712962962962965
2 0.34826562499999997 0.3358055555555556 0.004859375 0.024694444444444446
2 0.307640625 0.3623425925925926 0.00625 0.02962962962962963
2 0.30485937500000004 0.3472222222222222 0.005557291666666667 0.024074074074074074
3 0.3347239583333333 0.32469444444444445 0.006942708333333334 0.025925925925925925
3 0.48368229166666665 0.37747222222222226 0.010416666666666666 0.03395370370370371
2 0.4184010416666667 0.33271296296296293 0.007640625 0.027157407407407404
2 0.43506770833333336 0.33055555555555555 0.005557291666666667 0.026546296296296297
2 0.47465104166666666 0.3490740740740741 0.00625 0.026546296296296297
2 0.4822916666666667 0.33178703703703705 0.008333333333333333 0.026546296296296297
2 0.4730885416666667 0.3345648148148148 0.005901041666666666 0.025925925925925925
2 0.5821197916666667 0.36265740740740743 0.008682291666666668 0.032712962962962965
2 0.615453125 0.36666666666666664 0.009375 0.02962962962962963
2 0.6887135416666667 0.36666666666666664 0.007984375 0.032101851851851854
2 0.703125 0.4243796296296296 0.009723958333333334 0.045064814814814814
2 0.7375 0.4064814814814815 0.0125 0.04259259259259259
2 0.6203125 0.3478425925925926 0.004515625 0.026546296296296297
2 0.6177083333333333 0.343212962962963 0.004859375 0.023453703703703702
1 0.9835052083333333 0.39444444444444443 0.010067708333333333 0.038268518518518514
0 0.5191875 0.33479629629629626 0.0032916666666666667 0.005851851851851852