2 0.26540625 0.5289351851851852 0.016927083333333332 0.07175925925925926
2 0.2914479166666667 0.4263148148148148 0.010848958333333332 0.05478703703703704
2 0.31640625 0.35185185185185186 0.013890625 0.047842592592592596
2 0.361109375 0.36497222222222225 0.006078125 0.04937962962962963
2 0.4088541666666667 0.3422037037037037 0.009546875 0.047064814814814816
2 0.4388020833333333 0.3777037037037037 0.011286458333333334 0.05015740740740741
2 0.3526458333333334 0.3294722222222222 0.009114583333333334 0.041666666666666664
2 0.3608958333333333 0.33101851851851855 0.010848958333333332 0.04321296296296297
2 0.4635416666666667 0.36226851851851855 0.012151041666666666 0.04243518518518519
2 0.494140625 0.33140740740740743 0.010848958333333332 0.04089814814814815
2 0.5336354166666666 0.3221481481481482 0.010848958333333332 0.04089814814814815
3 0.361546875 0.2835648148148148 0.006942708333333334 0.034722222222222224
3 0.568140625 0.3707592592592593 0.010416666666666666 0.047064814814814816
2 0.7447916666666666 0.4074074074074074 0.011286458333333334 0.057101851851851855
2 0.701171875 0.3765462962962963 0.012588541666666668 0.052472222222222226
2 0.75390625 0.36265740740740743 0.010416666666666666 0.047842592592592596
2 0.677515625 0.31905555555555554 0.006942708333333334 0.03935185185185185
2 0.588109375 0.3410462962962963 0.008682291666666668 0.041666666666666664
2 0.5651041666666666 0.33372222222222225 0.009546875 0.03780555555555555
2 0.5713958333333333 0.31636111111111115 0.009114583333333334 0.037037037037037035
2 0.5991770833333334 0.31712962962962965 0.010848958333333332 0.04012037037037037
0 0.59765625 0.29205555555555557 0.006078125 0.011574074074074073
2 0.5907135416666667 0.3125 0.006942708333333334 0.03395370370370371