1 0.97540625 0.4074074074074074 0.01793750000000003 0.0411481481481482
2 0.7106458333333333 0.3549351851851852 0.016203125000000065 0.034981481481481454
2 0.6438072916666667 0.43724074074074076 0.01909895833333337 0.04937962962962967
2 0.6328125 0.607 0.014468750000000105 0.07407407407407407
2 0.59259375 0.4331296296296296 0.011572916666666563 0.04732407407407409
2 0.6831614583333334 0.3811759259259259 0.010994791666666733 0.031888888888888835
2 0.68865625 0.3698518518518519 0.0069427083333332956 0.033953703703703667
2 0.5081041666666667 0.3950648148148148 0.013890625000000038 0.039092592592592616
2 0.6912604166666667 0.34774074074074074 0.007520833333333362 0.028805555555555567
2 0.6070625 0.34001851851851855 0.009260416666666771 0.033953703703703667
2 0.48668750000000005 0.33641666666666664 0.009260416666666653 0.030861111111111148
3 0.43584375 0.37162962962962964 0.008994791666666658 0.0378796296296296
3 0.6796875 0.31187037037037035 0.008994791666666658 0.027777777777777776
2 0.4789322916666666 0.3181851851851852 0.008046875000000024 0.02862037037037034
2 0.4902916666666667 0.3190277777777778 0.008994791666666658 0.026935185185185215
2 0.32930729166666667 0.37037037037037035 0.010890625000000043 0.04040740740740739
2 0.33688541666666666 0.31523148148148145 0.008994791666666658 0.031148148148148137
2 0.29237499999999994 0.367 0.008994791666666658 0.03366666666666668
2 0.27817187499999996 0.32407407407407407 0.009942708333333291 0.02862037037037034
2 0.2244322916666667 0.37794444444444447 0.010416666666666666 0.042083333333333375
2 0.12831249999999994 0.4612777777777778 0.019885416666666655 0.052185185185185196
2 0.1598020833333333 0.37837037037037036 0.010890624999999984 0.04124999999999996
1 0.011124999999999947 0.3653240740740741 0.010890624999999998 0.03872222222222227
2 0.6896302083333334 0.3345925925925926 0.012786458333333427 0.026092592592592546