2 0.73459375 0.5289351851851852 0.016927083333333332 0.07175925925925926
2 0.7085520833333334 0.4263148148148148 0.010848958333333296 0.054787037037037
2 0.68359375 0.35185185185185186 0.013890625000000038 0.047842592592592555
2 0.638890625 0.36497222222222225 0.0060781250000000375 0.04937962962962967
2 0.5911458333333334 0.3422037037037037 0.009546874999999962 0.04706481481481485
2 0.5611979166666666 0.3777037037037037 0.01128645833333337 0.05015740740740737
2 0.6473541666666667 0.3294722222222222 0.009114583333333334 0.041666666666666664
2 0.6391041666666666 0.33101851851851855 0.010848958333333296 0.043212962962962925
2 0.5364583333333334 0.36226851851851855 0.01215104166666663 0.04243518518518522
2 0.505859375 0.33140740740740743 0.010848958333333296 0.04089814814814811
2 0.46636458333333336 0.3221481481481482 0.010848958333333296 0.04089814814814811
3 0.638453125 0.2835648148148148 0.0069427083333332956 0.034722222222222224
3 0.43185937500000005 0.3707592592592593 0.010416666666666666 0.04706481481481485
2 0.2552083333333333 0.4074074074074074 0.011286458333333312 0.05710185185185181
2 0.298828125 0.3765462962962963 0.012588541666666704 0.052472222222222184
2 0.24609375 0.36265740740740743 0.010416666666666666 0.047842592592592555
2 0.32248437500000005 0.31905555555555554 0.0069427083333332956 0.03935185185185185
2 0.41189062499999995 0.3410462962962963 0.008682291666666704 0.041666666666666664
2 0.4348958333333333 0.33372222222222225 0.009546874999999962 0.03780555555555559
2 0.42860416666666673 0.31636111111111115 0.009114583333333334 0.037037037037037035
2 0.40082291666666664 0.31712962962962965 0.010848958333333296 0.04012037037037041
0 0.40234375 0.29205555555555557 0.0060781250000000375 0.011574074074074073
2 0.40928645833333327 0.3125 0.0069427083333332956 0.033953703703703667