1 0.9161458333333333 0.4046296296296296 0.009375 0.04136111111111107
2 0.6555572916666667 0.542287037037037 0.015276041666666629 0.0598796296296297
2 0.681421875 0.4262314814814815 0.007291666666666667 0.04259259259259259
2 0.6994791666666667 0.3756203703703704 0.008682291666666704 0.03518518518518519
2 0.6005208333333333 0.40771296296296294 0.011458333333333333 0.0364166666666667
2 0.5835052083333333 0.39969444444444446 0.007291666666666667 0.032712962962963
2 0.651734375 0.3358055555555556 0.004859374999999962 0.024694444444444408
2 0.692359375 0.3623425925925926 0.00625 0.02962962962962963
2 0.6951406250000001 0.3472222222222222 0.005557291666666704 0.024074074074074074
3 0.6652760416666667 0.32469444444444445 0.0069427083333332956 0.025925925925925925
3 0.5163177083333333 0.37747222222222226 0.010416666666666666 0.033953703703703667
2 0.5815989583333334 0.33271296296296293 0.007640625000000038 0.027157407407407446
2 0.5649322916666667 0.33055555555555555 0.005557291666666704 0.02654629629629626
2 0.5253489583333333 0.3490740740740741 0.00625 0.02654629629629626
2 0.5177083333333333 0.33178703703703705 0.008333333333333333 0.02654629629629626
2 0.5269114583333333 0.3345648148148148 0.005901041666666629 0.025925925925925925
2 0.4178802083333333 0.36265740740740743 0.008682291666666704 0.032712962962963
2 0.38454687499999995 0.36666666666666664 0.009375 0.02962962962962963
2 0.31128645833333335 0.36666666666666664 0.007984374999999962 0.03210185185185181
2 0.296875 0.4243796296296296 0.009723958333333371 0.04506481481481478
2 0.2625 0.4064814814814815 0.0125 0.04259259259259259
2 0.3796875 0.3478425925925926 0.004515625000000038 0.02654629629629626
2 0.38229166666666664 0.343212962962963 0.004859374999999962 0.02345370370370374
1 0.016494791666666706 0.39444444444444443 0.010067708333333333 0.038268518518518556
0 0.4808125 0.33479629629629626 0.0032916666666666333 0.005851851851851898