2 0.251421875 0.4111944444444444 0.00946875 0.05471296296296296
2 0.3091875 0.5155740740740741 0.017046875 0.06986111111111111
2 0.28575 0.34090740740740744 0.009942708333333333 0.045453703703703704
2 0.3565364583333333 0.35816666666666663 0.00946875 0.04461111111111111
2 0.3307291666666667 0.3228148148148148 0.008046875 0.03956481481481481
2 0.3470625 0.3181851851851852 0.010416666666666666 0.04376851851851852
2 0.4008072916666666 0.35353703703703704 0.008046875 0.045453703703703704
3 0.3335677083333334 0.28199074074074076 0.007104166666666667 0.033666666666666664
0 0.4540729166666667 0.3034537037037037 0.0066302083333333334 0.010944444444444444
2 0.4393958333333333 0.3425925925925926 0.014203125 0.04376851851851852
2 0.44886458333333334 0.35648148148148145 0.013255208333333332 0.041249999999999995
2 0.448625 0.33417592592592593 0.009942708333333333 0.031990740740740736
3 0.5127864583333334 0.37121296296296297 0.013255208333333332 0.05218518518518518
2 0.4599895833333333 0.31271296296296297 0.008994791666666667 0.03956481481481481
2 0.4744322916666667 0.3076574074074074 0.007578125000000001 0.03956481481481481
2 0.5279375 0.35100925925925924 0.007578125000000001 0.04376851851851852
2 0.5445052083333334 0.35900925925925925 0.010416666666666666 0.04292592592592592
2 0.6081927083333334 0.30724074074074076 0.008046875 0.03872222222222222
2 0.6761354166666667 0.3139722222222222 0.008520833333333333 0.040407407407407406
2 0.687734375 0.32701851851851854 0.008994791666666667 0.041249999999999995
2 0.6998125000000001 0.3838425925925926 0.0123125 0.05555555555555555
2 0.7241927083333334 0.40025 0.010890625 0.05639814814814814
2 0.7289322916666666 0.35732407407407407 0.008994791666666667 0.049666666666666665