2 0.21141145833333336 0.37878703703703703 0.011838541666666667 0.042083333333333334
2 0.23981770833333332 0.40025 0.008994791666666667 0.03956481481481481
2 0.22608854166666664 0.41162037037037036 0.008994791666666667 0.04713888888888888
2 0.26065104166666664 0.48779629629629634 0.013729166666666666 0.05808333333333333
2 0.251421875 0.6409907407407407 0.019885416666666666 0.07828703703703703
2 0.33167708333333334 0.4558055555555555 0.014677083333333334 0.05134259259259259
2 0.24171354166666664 0.35100925925925924 0.011838541666666667 0.033666666666666664
2 0.2554427083333333 0.3480648148148148 0.010890625 0.031148148148148147
2 0.3231510416666667 0.34553703703703703 0.009942708333333333 0.03450925925925926
2 0.4512291666666667 0.4074074074074074 0.016098958333333333 0.04376851851851852
2 0.4090885416666667 0.34090740740740744 0.0066302083333333334 0.031990740740740736
2 0.4083802083333333 0.3139722222222222 0.007104166666666667 0.026935185185185184
2 0.4244791666666667 0.3059722222222222 0.007104166666666667 0.02609259259259259
2 0.5707864583333334 0.36826851851851855 0.008994791666666667 0.041249999999999995
2 0.633046875 0.36489814814814814 0.008520833333333333 0.036194444444444446
2 0.71259375 0.37289814814814815 0.011364583333333334 0.042083333333333334
2 0.7384010416666666 0.3552222222222222 0.009942708333333333 0.03872222222222222
2 0.5620260416666666 0.30934259259259256 0.0066302083333333334 0.02609259259259259
2 0.5662864583333334 0.3055555555555556 0.005682291666666667 0.02188888888888889
2 0.8496666666666666 0.44823148148148145 0.015625 0.05302777777777778
3 0.22869270833333333 0.31607407407407406 0.00946875 0.02609259259259259
3 0.49881770833333333 0.36069444444444443 0.011838541666666667 0.037879629629629624
1 0.8262291666666666 0.3375462962962963 0.008520833333333333 0.033666666666666664