2 0.10963541666666667 0.41435185185185186 0.013020833333333334 0.05648148148148148
2 0.09739583333333333 0.5171296296296296 0.015625 0.06759259259259259
2 0.24869791666666666 0.5125 0.0140625 0.062037037037037036
2 0.41067708333333336 0.5115740740740741 0.015104166666666667 0.058333333333333334
2 0.38984375 0.35324074074074074 0.011979166666666667 0.05092592592592592
2 0.42421875 0.350462962962963 0.0109375 0.05092592592592592
2 0.48125 0.5930555555555556 0.019791666666666666 0.062037037037037036
2 0.4244791666666667 0.5944444444444444 0.025 0.07037037037037037
2 0.4276041666666667 0.5712962962962963 0.017708333333333333 0.06481481481481481
2 0.5502604166666667 0.5032407407407408 0.015104166666666667 0.06574074074074074
2 0.49713541666666666 0.42962962962962964 0.011979166666666667 0.05555555555555555
2 0.503125 0.36157407407407405 0.011458333333333333 0.05092592592592592
2 0.5229166666666667 0.40694444444444444 0.014583333333333334 0.05462962962962963
3 0.45703125 0.4476851851851852 0.0140625 0.058333333333333334
2 0.6783854166666666 0.5712962962962963 0.021354166666666667 0.06296296296296296
2 0.6794270833333333 0.49444444444444446 0.021354166666666667 0.06111111111111111
2 0.5776041666666667 0.44351851851851853 0.015625 0.053703703703703705
2 0.5997395833333333 0.4449074074074074 0.013020833333333334 0.05648148148148148
2 0.5778645833333333 0.41203703703703703 0.009895833333333333 0.046296296296296294
2 0.6255208333333333 0.46296296296296297 0.013541666666666667 0.05740740740740741
2 0.6377604166666667 0.475462962962963 0.0140625 0.06759259259259259
1 0.87578125 0.44722222222222224 0.016145833333333335 0.05555555555555555
0 0.4469166666666667 0.625 0.012421875 0.013537037037037037