2 0.08948958333333333 0.4326574074074074 0.014203125 0.06228703703703704
2 0.07244270833333334 0.5740740740740741 0.016098958333333333 0.07575925925925925
2 0.20833333333333334 0.5505092592592592 0.014203125 0.06902777777777777
2 0.30894791666666666 0.3636388888888889 0.010890625 0.04713888888888888
2 0.3955989583333333 0.5673425925925926 0.017520833333333333 0.06734259259259259
2 0.4247135416666667 0.3476388888888889 0.010416666666666666 0.04882407407407407
2 0.5575260416666666 0.5984814814814815 0.01846354166666667 0.06228703703703704
3 0.492421875 0.4675925925925926 0.014203125 0.06481481481481481
2 0.5009479166666667 0.36069444444444443 0.013255208333333332 0.049666666666666665
2 0.5260416666666666 0.4196111111111111 0.015151041666666667 0.05808333333333333
2 0.5729166666666666 0.39899074074074076 0.013255208333333332 0.05387037037037037
2 0.61884375 0.6287870370370371 0.03314583333333333 0.06902777777777777
2 0.647015625 0.595537037037037 0.0279375 0.05808333333333333
2 0.7866927083333334 0.6822407407407408 0.0345625 0.07996296296296296
0 0.817234375 0.7066481481481481 0.008520833333333333 0.014305555555555556
2 0.602984375 0.4974722222222222 0.017520833333333333 0.06397222222222222
2 0.7275104166666666 0.4713796296296296 0.013729166666666666 0.0656574074074074
2 0.6633541666666667 0.43939814814814815 0.0123125 0.06060185185185185
2 0.6351822916666666 0.4335 0.012786458333333334 0.05555555555555555
2 0.61553125 0.44275925925925924 0.015151041666666667 0.05892592592592592
2 0.6117447916666666 0.4326574074074074 0.014203125 0.05555555555555555
2 0.6283124999999999 0.4154074074074074 0.014203125 0.046296296296296294
1 0.8470624999999999 0.42592592592592593 0.014203125 0.05555555555555555