2 0.9105104166666667 0.4326574074074074 0.01420312499999999 0.06228703703703702
2 0.9275572916666667 0.5740740740740741 0.016098958333333257 0.0757592592592592
2 0.7916666666666666 0.5505092592592592 0.01420312499999999 0.06902777777777773
2 0.6910520833333335 0.3636388888888889 0.010890624999999925 0.04713888888888886
2 0.6044010416666666 0.5673425925925926 0.017520833333333267 0.0673425925925926
2 0.5752864583333334 0.3476388888888889 0.010416666666666666 0.04882407407407409
2 0.4424739583333333 0.5984814814814815 0.01846354166666669 0.06228703703703702
3 0.507578125 0.4675925925925926 0.01420312499999999 0.06481481481481481
2 0.4990520833333333 0.36069444444444443 0.013255208333333357 0.04966666666666665
2 0.4739583333333333 0.4196111111111111 0.015151041666666623 0.05808333333333335
2 0.4270833333333333 0.39899074074074076 0.013255208333333357 0.053870370370370325
2 0.38115625 0.6287870370370371 0.03314583333333339 0.06902777777777773
2 0.352984375 0.595537037037037 0.027937500000000053 0.05808333333333335
2 0.21330729166666665 0.6822407407407408 0.03456250000000001 0.07996296296296287
0 0.18276562500000004 0.7066481481481481 0.00852083333333334 0.014305555555555597
2 0.397015625 0.4974722222222222 0.017520833333333385 0.0639722222222222
2 0.27248958333333334 0.4713796296296296 0.013729166666666645 0.06565740740740737
2 0.33664583333333326 0.43939814814814815 0.012312500000000053 0.06060185185185189
2 0.3648177083333334 0.4335 0.01278645833333331 0.05555555555555555
2 0.38446875 0.44275925925925924 0.015151041666666623 0.058925925925925916
2 0.3882552083333334 0.4326574074074074 0.01420312499999999 0.05555555555555555
2 0.37168750000000006 0.4154074074074074 0.01420312499999999 0.046296296296296294
1 0.15293750000000006 0.42592592592592593 0.01420312499999999 0.05555555555555555