2 0.932765625 0.5488240740740741 0.016098958333333257 0.07407407407407407
2 0.9112239583333334 0.4288703703703704 0.012786458333333427 0.05808333333333335
2 0.784328125 0.5387222222222222 0.014677083333333249 0.06902777777777773
2 0.6046406249999999 0.5429259259259259 0.01420312499999999 0.0673425925925926
2 0.66075 0.35774074074074075 0.010890624999999925 0.04882407407407409
2 0.578359375 0.35185185185185186 0.00994270833333341 0.05050925925925922
2 0.5004739583333333 0.3636388888888889 0.0113645833333333 0.05050925925925922
2 0.49147916666666663 0.4292962962962963 0.0113645833333333 0.057240740740740786
2 0.4490989583333333 0.4053055555555556 0.010890625000000043 0.053027777777777764
3 0.53575 0.46422222222222226 0.016572916666666694 0.06481481481481481
2 0.274859375 0.6300462962962964 0.017520833333333357 0.07491666666666674
0 0.31913020833333333 0.6843425925925927 0.008520833333333281 0.01347222222222218
2 0.4322916666666667 0.5092592592592593 0.01799479166666664 0.06565740740740748
2 0.49053125000000003 0.6241574074074074 0.03125 0.06144444444444435
2 0.48792708333333334 0.5904907407407407 0.0269895833333333 0.07323148148148141
2 0.4727760416666667 0.5883796296296296 0.02130729166666671 0.06397222222222215
1 0.12168750000000005 0.4389722222222222 0.01420312499999999 0.061444444444444454
2 0.28338020833333327 0.49915740740740744 0.02414583333333328 0.0639722222222222
2 0.3555885416666667 0.46296296296296297 0.016098958333333375 0.06060185185185189
2 0.375234375 0.46675 0.011838541666666676 0.06312962962962958
2 0.40293750000000006 0.4499166666666667 0.01799479166666664 0.05471296296296299
2 0.3948854166666667 0.4137222222222222 0.013255208333333357 0.036194444444444474
2 0.3941770833333333 0.4444444444444444 0.014677083333333367 0.058925925925925916