1 0.026041666666666668 0.3914166666666667 0.0123125 0.04713888888888888
2 0.278171875 0.4154074074074074 0.011838541666666667 0.05134259259259259
2 0.334515625 0.5404074074074074 0.017520833333333333 0.06902777777777777
2 0.30823958333333334 0.33922222222222226 0.00946875 0.042083333333333334
2 0.3330989583333333 0.35689814814814813 0.008046875 0.03872222222222222
2 0.3553489583333333 0.35059259259259257 0.007104166666666667 0.03956481481481481
2 0.417140625 0.38131481481481483 0.010416666666666666 0.03872222222222222
2 0.3496666666666667 0.32028703703703704 0.007104166666666667 0.032824074074074075
2 0.38636458333333334 0.3194444444444444 0.008520833333333333 0.036194444444444446
3 0.346828125 0.29839814814814813 0.008046875 0.031148148148148147
2 0.4554947916666666 0.370787037037037 0.010416666666666666 0.036194444444444446
3 0.50615625 0.37121296296296297 0.00946875 0.04376851851851852
2 0.46425 0.34343518518518523 0.007104166666666667 0.03535185185185185
2 0.4824791666666667 0.3169166666666666 0.005682291666666667 0.036194444444444446
2 0.4493385416666667 0.31565740740740744 0.0066302083333333334 0.033666666666666664
2 0.5603697916666667 0.3476388888888889 0.009942708333333333 0.03872222222222222
2 0.5961197916666666 0.35185185185185186 0.00946875 0.040407407407407406
2 0.5518489583333334 0.31228703703703703 0.00615625 0.033666666666666664
2 0.645359375 0.32575925925925925 0.008520833333333333 0.037037037037037035
2 0.6581458333333334 0.33417592592592593 0.010416666666666666 0.03872222222222222
2 0.7220624999999999 0.3531111111111111 0.00946875 0.03956481481481481
2 0.7367447916666666 0.4099351851851852 0.00946875 0.05218518518518518
2 0.7414791666666667 0.3888888888888889 0.0123125 0.04882407407407407