2 0.7885885416666666 0.37878703703703703 0.011838541666666676 0.042083333333333375
2 0.7601822916666666 0.40025 0.008994791666666658 0.03956481481481483
2 0.7739114583333334 0.41162037037037036 0.008994791666666658 0.04713888888888886
2 0.7393489583333334 0.48779629629629634 0.013729166666666733 0.05808333333333335
2 0.748578125 0.6409907407407407 0.019885416666666583 0.07828703703703699
2 0.6683229166666665 0.4558055555555555 0.014677083333333249 0.051342592592592634
2 0.7582864583333334 0.35100925925925924 0.011838541666666676 0.03366666666666668
2 0.7445572916666666 0.3480648148148148 0.010890624999999925 0.031148148148148137
2 0.6768489583333334 0.34553703703703703 0.00994270833333341 0.03450925925925924
2 0.5487708333333333 0.4074074074074074 0.016098958333333257 0.0437685185185185
2 0.5909114583333334 0.34090740740740744 0.006630208333333343 0.0319907407407407
2 0.5916197916666666 0.3139722222222222 0.007104166666666601 0.026935185185185215
2 0.5755208333333334 0.3059722222222222 0.007104166666666601 0.026092592592592546
2 0.42921354166666664 0.36826851851851855 0.008994791666666658 0.04124999999999996
2 0.366953125 0.36489814814814814 0.008520833333333281 0.036194444444444474
2 0.28740625 0.37289814814814815 0.0113645833333333 0.042083333333333375
2 0.2615989583333333 0.3552222222222222 0.00994270833333335 0.03872222222222227
2 0.43797395833333336 0.30934259259259256 0.006630208333333343 0.026092592592592546
2 0.4337135416666667 0.3055555555555556 0.00568229166666671 0.021888888888888878
2 0.15033333333333337 0.4482314814814815 0.015625 0.05302777777777781
3 0.7713072916666667 0.31607407407407406 0.009468749999999915 0.026092592592592546
3 0.5011822916666666 0.36069444444444443 0.011838541666666676 0.0378796296296296
1 0.17377083333333337 0.3375462962962963 0.00852083333333334 0.03366666666666668