2 0.285375 0.5146574074074074 0.013453125 0.07099074074074074
2 0.275390625 0.4205277777777778 0.014322916666666666 0.05400925925925926
2 0.296875 0.3506944444444444 0.009546875 0.05015740740740741
2 0.3734791666666667 0.36844444444444446 0.009984375 0.051694444444444446
2 0.4077708333333333 0.35185185185185186 0.01171875 0.047842592592592596
2 0.345484375 0.3333333333333333 0.0078125 0.041666666666666664
2 0.3411458333333333 0.3287037037037037 0.006942708333333334 0.04321296296296297
3 0.3472239583333333 0.2831759259259259 0.0078125 0.03395370370370371
2 0.454859375 0.36844444444444446 0.008682291666666668 0.04861111111111111
2 0.44921875 0.3549351851851852 0.008682291666666668 0.04012037037037037
2 0.472875 0.33719444444444446 0.010848958333333332 0.04321296296296297
2 0.4956614583333333 0.3229166666666667 0.008682291666666668 0.04243518518518519
2 0.51171875 0.3144259259259259 0.010416666666666666 0.04398148148148148
3 0.5366770833333334 0.3742314814814815 0.01171875 0.05092592592592592
2 0.5588125 0.3506944444444444 0.010848958333333332 0.04552777777777778
2 0.5299479166666666 0.3479907407407407 0.011286458333333334 0.046296296296296294
2 0.6100260416666666 0.3167407407407407 0.006510416666666667 0.03163888888888889
2 0.6141510416666667 0.31636111111111115 0.006942708333333334 0.03549074074074074
2 0.6966145833333334 0.3279351851851852 0.009546875 0.037037037037037035
2 0.69509375 0.38387037037037036 0.012588541666666668 0.05324074074074074
2 0.7278645833333334 0.4027777777777778 0.013890625 0.05555555555555555
2 0.7434895833333334 0.36226851851851855 0.010416666666666666 0.051694444444444446